0,275,1089,76,125,1125,743,205,39,137,108,709,548,913,41,1108,1182,1038,621,310,595,51,155,68,866,957,743,1033,627,470,603,537,792,909,104,306,549,363,278,622,1114,563,441,426,71,1002,326,1089,846,170,866,1054,839,776,455,67,122,450,1113,955,299,792,243,318,1010,773,1022,836,310,714,52,1000,330,1139,105,1026,938,1030,522,596,771,479,109,325,711,1053,740,627,692,955,32,1017,83,715,219,39,394,197,417,616
275,0,732,90,533,169,259,243,305,943,667,493,989,335,113,1002,652,682,289,1025,1144,378,34,552,653,130,181,691,464,214,184,92,789,1165,979,395,784,162,253,870,439,123,955,1102,921,1057,643,1032,69,122,119,333,439,810,616,1130,100,212,64,462,863,856,986,176,176,1004,603,928,289,535,344,362,1071,386,550,1010,1114,1133,915,473,829,111,43,304,443,561,624,120,121,533,1128,823,436,699,977,127,246,456,35,1046
1089,732,0,170,434,407,550,1081,1139,758,1163,1064,295,609,873,169,1170,201,718,386,556,528,416,227,584,254,647,681,30,270,312,1197,1143,1006,784,546,1068,979,894,301,580,1141,1165,841,1031,233,1157,480,1164,476,193,221,1058,720,816,1150,644,838,635,65,706,1015,962,848,187,798,252,1075,763,425,128,826,1176,203,391,578,889,891,1128,1104,399,731,307,923,385,455,816,878,337,726,1168,605,77,138,409,769,1134,697,629,257
76,90,170,0,149,297,527,189,740,559,255,218,617,369,538,897,896,417,133,294,410,596,450,569,792,486,1006,73,331,1084,650,539,191,715,1063,225,88,810,570,1096,796,614,61,605,106,570,107,644,452,759,677,80,813,471,277,962,1171,228,960,835,601,437,426,636,93,846,316,1184,240,534,75,643,743,313,685,663,266,616,327,983,386,942,610,52,767,250,501,1073,1080,928,502,850,117,884,730,875,33,676,656,482
125,533,434,149,0,208,783,546,70,914,317,1111,828,998,389,536,467,1192,133,681,619,684,703,298,243,96,667,100,190,292,165,968,798,1091,1061,130,943,848,725,809,1019,399,297,826,1105,503,814,1004,923,639,721,499,651,919,77,700,266,1047,738,1010,507,237,688,960,1037,1053,408,179,1018,805,205,259,1083,959,194,996,32,227,402,938,488,1136,1065,348,479,417,210,703,74,744,841,1045,217,124,1002,355,41,350,315,1014
1125,169,407,297,208,0,946,1184,928,297,306,1198,841,611,564,1136,724,574,795,273,595,56,748,716,974,412,744,411,979,836,514,462,376,473,1003,57,304,398,570,1070,1032,449,1180,577,448,1190,457,654,215,933,612,389,826,1030,520,755,1078,897,289,360,1061,316,379,791,103,241,818,1109,635,1143,587,284,868,445,630,814,281,423,872,388,367,286,978,708,807,504,837,716,1144,480,472,290,99,1042,691,281,235,1021,596,170
743,259,550,527,783,946,0,359,185,685,657,1166,584,748,176,88,793,501,861,596,706,639,830,951,183,238,674,644,55,498,925,68,274,316,286,653,934,207,356,972,1191,895,794,1036,414,533,559,1014,799,77,331,696,457,294,1001,679,967,1076,337,1009,331,662,989,523,660,238,383,875,1029,529,509,693,325,912,266,393,620,935,705,688,1172,882,226,497,812,42,75,847,396,1063,307,95,543,65,1148,873,323,546,1200,1113
205,243,1081,189,546,1184,359,0,585,290,1059,944,883,1131,625,459,61,809,886,954,467,919,141,381,301,730,239,860,1195,313,1138,57,830,371,759,351,343,87,997,371,419,336,1026,281,112,459,446,1018,1187,759,794,86,936,311,750,333,862,952,870,833,1056,358,792,764,950,1183,899,438,668,217,1054,217,830,656,370,135,895,85,737,1128,516,419,1134,872,181,695,902,1110,892,738,509,817,359,1061,353,313,203,1157,90,849
39,305,1139,740,70,928,185,585,0,435,388,258,48,911,1161,722,911,113,254,836,1199,690,230,1172,1117,219,827,1172,130,654,830,376,297,168,247,269,623,73,30,218,478,716,901,1080,184,872,917,83,730,1183,1091,64,210,571,529,107,409,779,641,1179,663,512,203,577,443,1160,344,1083,1086,1113,778,220,730,338,837,56,440,105,77,599,120,177,999,1029,1099,358,427,1154,374,778,735,821,444,506,215,76,192,951,974,304
137,943,758,559,914,297,685,290,435,0,584,859,462,663,534,522,883,62,197,291,963,66,1029,999,1191,716,820,726,767,1186,229,791,98,1193,1076,1005,161,941,828,101,547,477,129,691,1130,457,1057,1171,1191,710,811,464,213,65,1098,230,911,163,1136,1195,112,478,1122,697,748,837,119,139,889,648,80,571,1115,1165,945,469,1034,1076,725,852,1136,102,472,270,364,108,374,1087,1126,653,341,794,285,752,991,752,718,257,195,489
108,667,1163,255,317,306,657,1059,388,584,0,653,594,652,72,153,130,567,971,551,1087,307,686,202,172,529,654,1174,563,667,1108,1139,55,234,358,1030,411,100,31,554,798,209,503,564,753,70,759,261,379,411,1147,994,615,514,840,703,863,313,1122,784,522,134,1179,293,706,73,701,1079,812,1095,882,78,1114,1171,1164,620,352,932,969,47,867,772,454,392,101,111,301,820,212,1099,797,921,1165,452,516,317,520,516,1025,634
709,493,1064,218,1111,1198,1166,944,258,859,653,0,754,107,95,1002,131,1123,406,926,1193,956,1043,219,1134,430,454,256,1025,315,197,1095,88,915,397,956,807,670,946,822,1176,926,1033,698,1109,1095,174,126,1169,393,556,740,1084,725,481,368,824,897,676,120,1003,214,163,932,701,1088,997,1087,821,1048,41,806,825,394,146,246,234,1005,239,1102,306,346,316,38,965,685,962,384,277,726,1129,1112,296,831,1185,684,394,408,1092,231
548,989,295,617,828,841,584,883,48,462,594,754,0,241,901,922,989,1188,250,469,965,233,96,722,884,790,1115,863,64,831,327,266,884,579,1167,1021,640,411,170,760,834,149,1128,51,430,611,190,899,652,588,744,791,328,312,479,147,951,714,1136,781,295,325,156,434,687,32,1082,716,137,32,263,573,501,116,226,45,862,1159,799,811,1125,1199,915,325,88,840,1080,1009,1123,1119,266,240,1027,1126,345,286,195,292,668,812
913,335,609,369,998,611,748,1131,911,663,652,107,241,0,1011,728,473,374,1166,657,532,210,1193,1189,922,1099,506,184,993,164,402,193,610,209,431,675,753,1162,262,803,78,578,89,429,717,922,524,79,1099,77,1181,168,1072,491,785,645,716,742,897,576,676,814,234,992,953,1109,565,706,1152,827,64,587,659,626,695,1075,273,793,1144,429,627,637,1004,66,391,1160,521,546,195,474,758,779,1180,923,1058,1025,1059,716,197,557
41,113,873,538,389,564,176,625,1161,534,72,95,901,1011,0,1156,874,796,228,513,493,834,256,306,766,242,770,851,1167,1065,80,857,826,73,331,1012,982,1034,948,302,971,929,651,122,615,336,312,980,231,841,721,575,530,335,370,979,1126,386,1196,1148,808,384,667,1103,381,97,830,790,1031,314,545,990,216,563,718,857,618,165,586,1192,53,722,935,1074,930,101,239,517,845,584,584,257,338,756,917,502,512,1137,390,592
1108,1002,169,897,536,1136,88,459,722,522,153,1002,922,728,1156,0,1172,397,911,985,1128,834,1156,548,918,213,509,704,396,601,43,1067,707,637,178,1053,557,508,122,428,195,459,545,226,1157,582,121,207,661,548,709,129,38,199,570,751,1142,1181,881,759,90,1055,128,246,523,540,159,90,982,210,37,50,259,615,856,930,1111,527,961,303,722,673,476,727,180,720,442,889,246,824,1172,1186,320,643,199,1145,461,563,677,226
1182,652,1170,896,467,724,793,61,911,883,130,131,989,473,874,1172,0,382,399,404,959,312,99,873,373,275,910,810,262,184,399,934,578,952,998,1044,686,576,902,1185,812,130,663,266,610,262,709,550,875,697,581,1172,1091,698,588,86,1126,87,403,640,334,690,552,107,362,926,286,491,670,340,823,365,1059,1046,102,578,570,385,505,133,984,1173,1123,377,825,678,1131,354,752,590,597,419,271,74,623,790,634,253,78,209
1038,682,201,417,1192,574,501,809,113,62,567,1123,1188,374,796,397,382,0,1095,843,621,985,592,237,814,676,708,565,709,556,118,263,974,439,956,178,670,756,714,971,1089,213,121,1058,258,992,305,1044,75,294,985,813,329,423,286,1153,348,1071,533,397,716,467,691,556,1033,341,828,646,127,747,813,603,607,325,684,996,158,482,672,398,204,601,881,918,315,1032,186,135,599,1145,301,34,370,217,1051,510,400,412,547,618
621,289,718,133,133,795,861,886,254,197,971,406,250,1166,228,911,399,1095,0,95,910,439,504,140,176,1060,1090,1119,809,54,1030,516,386,1103,291,157,296,894,339,974,878,433,60,653,926,714,575,894,919,853,55,1110,124,381,409,311,1138,1014,715,1008,716,321,344,980,407,1139,1120,650,742,974,167,1095,330,603,213,619,74,554,475,383,602,675,532,426,470,380,202,328,920,1014,424,666,760,1187,239,335,657,236,198,995
310,1025,386,294,681,273,596,954,836,291,551,926,469,657,513,985,404,843,95,0,52,1091,1075,658,615,36,1116,576,570,299,890,188,599,90,374,926,983,652,944,95,445,270,797,1088,822,483,615,431,557,541,117,636,524,718,1120,60,1095,878,462,706,633,663,41,1001,160,992,1137,176,219,710,736,927,421,606,191,803,218,488,442,388,1074,1166,997,654,1197,90,347,425,453,161,1147,994,184,1188,730,985,500,132,650,911
595,1144,556,410,619,595,706,467,1199,963,1087,1193,965,532,493,1128,959,621,910,52,0,849,226,521,207,856,353,87,89,42,531,121,126,86,1190,485,1049,337,1035,416,451,1195,765,1163,438,1086,699,382,673,163,438,742,755,619,551,383,922,953,846,493,406,51,98,1035,660,883,421,1100,964,765,464,540,222,269,712,971,1004,137,366,424,422,1163,680,865,1078,508,63,564,505,276,217,957,218,1199,616,543,859,749,321,773
51,378,528,596,684,56,639,919,690,66,307,956,233,210,834,834,312,985,439,1091,849,0,971,663,812,164,541,924,605,1153,628,827,949,992,400,139,368,1199,571,989,201,634,803,735,499,649,533,763,350,380,1082,683,351,1058,583,675,993,636,450,114,1040,903,192,997,973,171,400,833,363,144,1013,38,685,1115,412,162,948,254,630,837,103,784,1027,740,723,422,135,908,860,1065,595,787,1040,347,1193,911,184,335,650,1042
155,34,416,450,703,748,830,141,230,1029,686,1043,96,1193,256,1156,99,592,504,1075,226,971,0,1100,1107,785,837,266,103,362,1033,429,565,692,1018,892,1103,556,725,788,686,396,295,466,796,1005,613,755,794,125,773,1187,319,930,147,1078,1112,466,1133,687,774,116,35,85,192,740,344,557,595,43,361,479,1039,760,935,707,271,297,719,755,353,1023,473,247,102,1167,1058,228,202,102,827,757,1120,1111,639,765,717,393,150,1152
68,552,227,569,298,716,951,381,1172,999,202,219,722,1189,306,548,873,237,140,658,521,663,1100,0,427,876,632,1019,93,1135,1107,686,279,252,582,1068,752,433,278,1061,108,458,439,588,1091,951,653,936,856,1064,765,285,923,326,815,635,395,695,889,39,76,242,789,759,822,195,1061,274,705,217,1084,260,418,534,1043,130,200,1143,1002,1108,546,237,1016,226,469,581,961,424,89,529,1080,843,1137,680,392,878,1105,556,118,442
866,653,584,792,243,974,183,301,1117,1191,172,1134,884,922,766,918,373,814,176,615,207,812,1107,427,0,821,330,117,161,72,798,1088,344,307,344,98,490,1184,183,1006,1133,445,506,912,223,1111,682,1143,475,750,710,267,231,704,1107,678,1200,1109,37,332,753,571,331,1080,1197,856,1131,762,725,1106,637,56,248,1052,1001,643,516,300,933,835,523,537,265,301,187,502,213,530,114,1064,672,610,214,776,213,978,353,955,158,288
957,130,254,486,96,412,238,730,219,716,529,430,790,1099,242,213,275,676,1060,36,856,164,785,876,821,0,878,894,1046,330,432,74,486,975,672,224,251,973,1029,565,765,1103,658,678,111,710,1043,510,460,1144,1100,600,970,318,127,588,740,315,1040,553,1121,82,489,393,507,456,928,1196,659,176,866,396,1031,460,183,572,412,687,1010,1084,70,821,268,571,610,274,749,877,473,54,399,1024,584,1024,812,285,703,423,235,270
743,181,647,1006,667,744,674,239,827,820,654,454,1115,506,770,509,910,708,1090,1116,353,541,837,632,330,878,0,903,731,1174,1146,391,1119,1195,837,481,622,930,694,511,731,1194,250,722,233,730,312,179,282,686,821,288,1177,800,761,585,459,47,844,830,440,537,62,486,636,1080,460,81,112,1179,476,788,272,878,888,1031,178,123,457,157,173,922,588,410,106,859,984,261,458,349,1137,801,406,231,1112,620,825,293,296,680
1033,691,681,73,100,411,644,860,1172,726,1174,256,863,184,851,704,810,565,1119,576,87,924,266,1019,117,894,903,0,725,982,162,894,423,1016,1052,744,245,906,428,690,648,613,984,1138,651,452,315,1100,826,572,1014,465,435,1155,44,1119,215,1136,541,108,403,892,426,1146,723,416,521,142,764,89,677,1027,807,168,573,620,134,283,1108,789,278,493,188,374,295,983,358,406,938,536,208,667,225,318,610,74,600,581,510,1154
627,464,30,331,190,979,55,1195,130,767,563,1025,64,993,1167,396,262,709,809,570,89,605,103,93,161,1046,731,725,0,229,1035,716,1124,781,351,52,790,774,938,224,1041,395,795,549,852,552,905,77,430,1029,871,422,436,1153,67,351,523,479,423,268,249,530,420,216,212,1079,67,155,102,966,469,544,1083,514,339,76,610,878,378,263,170,485,907,641,1003,1081,292,429,299,390,66,1148,1048,138,538,662,586,911,183,356
470,214,270,1084,292,836,498,313,654,1186,667,315,831,164,1065,601,184,556,54,299,42,1153,362,1135,72,330,1174,982,229,0,895,138,1102,122,1127,1064,591,1105,235,482,364,260,955,941,387,767,1153,572,1003,1197,559,397,1197,569,647,410,206,282,100,588,993,1034,1043,115,989,1171,260,514,1011,827,319,276,743,876,1092,963,574,100,888,494,471,133,872,729,261,477,372,177,214,658,1160,1031,671,1069,738,1077,214,1077,102,599
603,184,312,650,165,514,925,1138,830,229,1108,197,327,402,80,43,399,118,1030,890,531,628,1033,1107,798,432,1146,162,1035,895,0,73,102,437,42,189,192,680,1139,491,559,321,1132,411,923,460,484,1061,260,264,51,96,41,1060,557,1137,279,55,148,1040,682,278,533,219,167,639,62,1131,1178,1117,780,339,232,289,629,1123,603,162,388,1160,417,944,633,408,369,1119,753,302,237,894,688,396,1153,565,1122,809,1064,440,203,119
537,92,1197,539,968,462,68,57,376,791,1139,1095,266,193,857,1067,934,263,516,188,121,827,429,686,1088,74,391,894,716,138,73,0,827,616,741,100,1097,321,283,189,1182,1070,1036,815,188,1005,1104,984,687,793,1198,1101,763,786,52,210,579,291,1071,951,1096,472,248,893,348,684,730,1002,645,939,436,155,546,962,795,568,361,889,695,410,1015,572,501,246,918,695,71,513,993,1034,307,306,202,184,1177,118,67,434,995,289
792,789,1143,191,798,376,274,830,297,98,55,88,884,610,826,707,578,974,386,599,126,949,565,279,344,486,1119,423,1124,1102,102,827,0,878,826,490,916,389,862,572,968,48,111,559,239,603,642,983,650,1119,496,137,439,657,459,919,1046,969,440,400,73,622,208,329,404,866,773,342,1163,441,625,345,365,459,816,750,653,1066,938,497,650,86,992,655,867,509,412,322,1043,759,858,1147,687,476,346,333,427,722,874,437
909,1165,1006,715,1091,473,316,371,168,1193,234,915,579,209,73,637,952,439,1103,90,86,992,692,252,307,975,1195,1016,781,122,437,616,878,0,133,536,646,892,138,33,442,438,1038,669,722,1118,1124,1167,298,130,174,233,1026,749,158,1147,725,190,801,1064,81,540,64,552,479,1130,460,96,836,528,185,251,94,226,130,311,509,435,43,647,947,998,1187,1066,258,182,636,876,63,554,889,530,422,974,821,813,1095,190,584,750
104,979,784,1063,1061,1003,286,759,247,1076,358,397,1167,431,331,178,998,956,291,374,1190,400,1018,582,344,672,837,1052,351,1127,42,741,826,133,0,485,83,1137,204,579,612,755,1043,797,557,473,435,1044,35,350,729,901,93,926,672,777,350,859,467,833,193,1001,1164,68,471,650,527,533,63,417,1057,402,508,1097,970,868,94,1119,1145,1141,1030,1157,853,1196,1184,547,364,904,345,1132,105,462,666,1175,320,823,173,822,1001,258
306,395,546,225,130,57,653,351,269,1005,1030,956,1021,675,1012,1053,1044,178,157,926,485,139,892,1068,98,224,481,744,52,1064,189,100,490,536,485,0,397,863,288,1139,756,233,695,584,231,1129,757,59,415,1198,43,987,769,94,45,975,856,832,844,875,1152,623,802,1094,761,969,579,399,846,840,423,1008,1174,778,107,901,837,248,621,475,1122,658,89,539,534,249,809,664,999,410,503,362,543,339,1045,67,972,830,380,943
549,784,1068,88,943,304,934,343,623,161,411,807,640,753,982,557,686,670,296,983,1049,368,1103,752,490,251,622,245,790,591,192,1097,916,646,83,397,0,1171,556,672,1133,1182,233,1080,1102,576,259,393,605,1033,1179,587,969,873,626,1054,464,876,624,230,661,65,607,823,619,610,730,384,799,1084,392,207,1178,933,176,629,1061,1029,1059,624,734,679,591,283,164,482,1127,1055,40,257,1076,808,1067,597,1021,563,509,312,999,730
363,162,979,810,848,398,207,87,73,941,100,670,411,1162,1034,508,576,756,894,652,337,1199,556,433,1184,973,930,906,774,1105,680,321,389,892,1137,863,1171,0,713,1020,177,119,972,1006,701,178,706,919,820,264,320,197,664,1128,703,353,862,384,865,365,966,837,278,849,973,617,873,685,624,295,715,675,1041,71,1156,255,794,48,310,460,186,837,120,1197,838,328,887,744,129,621,747,270,989,869,381,418,357,73,746,582
278,253,894,570,725,570,356,997,30,828,31,946,170,262,948,122,902,714,339,944,1035,571,725,278,183,1029,694,428,938,235,1139,283,862,138,204,288,556,713,0,509,708,356,354,822,51,600,723,956,272,705,586,347,282,642,219,133,671,926,396,1030,191,1105,615,447,826,158,416,648,167,804,219,160,1012,349,215,278,981,558,90,332,129,1041,138,570,486,1101,327,89,449,95,983,595,592,1142,109,773,633,754,972,1066
622,870,301,1096,809,1070,972,371,218,101,554,822,760,803,302,428,1185,971,974,95,416,989,788,1061,1006,565,511,690,224,482,491,189,572,33,579,1139,672,1020,509,0,396,629,1041,354,1168,1094,550,1178,1120,582,573,1131,681,200,1019,69,181,1006,979,964,867,583,377,37,419,170,1042,33,551,1122,245,619,1154,984,517,1162,811,274,131,99,758,133,1196,368,145,869,248,1031,505,400,44,697,267,650,818,1114,971,1200,633,1165
1114,439,580,796,1019,1032,1191,419,478,547,798,1176,834,78,971,195,812,1089,878,445,451,201,686,108,1133,765,731,648,1041,364,559,1182,968,442,612,756,1133,177,708,396,0,580,407,762,192,1117,700,196,464,1134,607,778,642,1077,705,457,70,175,883,191,374,1101,172,829,660,1018,350,354,336,940,649,513,661,837,1001,567,442,1173,437,942,374,718,144,751,1061,937,1088,47,477,85,913,921,51,87,211,1194,165,909,1008,776
563,123,1141,614,399,449,895,336,716,477,209,926,149,578,929,459,130,213,433,270,1195,634,396,458,445,1103,1194,613,395,260,321,1070,48,438,755,233,1182,119,356,629,580,0,268,1122,220,1056,1120,667,153,415,85,336,210,162,794,566,177,339,440,1013,755,375,129,334,811,1070,293,664,423,225,577,1177,727,975,699,1129,744,765,1049,1159,367,708,344,747,1097,849,1062,266,712,528,337,921,1000,229,276,1143,265,162,842,965
441,955,1165,61,297,1180,794,1026,901,129,503,1033,1128,89,651,545,663,121,60,797,765,803,295,439,506,658,250,984,795,955,1132,1036,111,1038,1043,695,233,972,354,1041,407,268,0,720,297,530,115,267,755,95,555,1198,451,1096,504,503,822,309,348,327,333,165,776,1143,777,848,451,950,133,278,670,401,195,234,404,144,343,374,716,915,661,812,1134,550,569,170,1197,849,224,833,736,1077,849,1163,921,497,460,1125,583,888
426,1102,841,605,826,577,1036,281,1080,691,564,698,51,429,122,226,266,1058,653,1088,1163,735,466,588,912,678,722,1138,549,941,411,815,559,669,797,584,1080,1006,822,354,762,1122,720,0,274,700,793,52,380,863,463,627,483,397,522,848,925,679,174,863,640,1100,735,1108,34,240,481,287,809,918,795,186,907,136,106,116,1161,347,748,944,417,1001,1050,964,388,560,742,765,129,36,641,1028,1166,399,646,960,1164,1022,691,305
71,921,1031,106,1105,448,414,112,184,1130,753,1109,430,717,615,1157,610,258,926,822,438,499,796,1091,223,111,233,651,852,387,923,188,239,722,557,231,1102,701,51,1168,192,220,297,274,0,934,432,918,674,789,488,80,351,174,749,769,146,776,842,682,469,364,378,76,670,981,267,1145,431,1010,327,793,1142,1181,92,855,1136,196,962,1149,826,322,682,514,636,594,748,961,405,1143,374,798,367,39,339,151,97,1187,763,154
1002,1057,233,570,503,1190,533,459,872,457,70,1095,611,922,336,582,262,992,714,483,1086,649,1005,951,1111,710,730,452,552,767,460,1005,603,1118,473,1129,576,178,600,1094,1117,1056,530,700,934,0,683,46,494,842,37,347,1062,508,811,804,529,599,236,66,818,99,941,216,272,622,477,98,460,350,868,682,538,721,1062,1067,494,894,1187,1199,1188,1137,1132,536,1020,766,1006,81,911,139,955,478,302,435,1042,79,972,66,439,815
326,643,1157,107,814,457,559,446,917,1057,759,174,190,524,312,121,709,305,575,615,699,533,613,653,682,1043,312,315,905,1153,484,1104,642,1124,435,757,259,706,723,550,700,1120,115,793,432,683,0,746,872,46,1167,911,96,1052,120,204,488,913,942,736,900,85,560,1109,653,77,201,569,1145,987,765,1116,718,1031,106,970,408,987,633,764,986,1044,276,316,999,1170,849,143,337,899,643,866,86,725,1087,531,425,252,665,82
1089,1032,480,644,1004,654,1014,1018,83,1171,261,126,899,79,980,207,550,1044,894,431,382,763,755,936,1143,510,179,1100,77,572,1061,984,983,1167,1044,59,393,919,956,1178,196,667,267,52,918,46,746,0,172,962,581,814,1019,903,796,1067,1189,553,384,857,537,286,887,205,534,931,1133,88,537,453,952,375,1145,845,1175,872,310,670,146,810,340,240,933,668,207,139,94,88,517,781,333,1050,755,509,289,1175,306,621,287,877
846,69,1164,452,923,215,799,1187,730,1191,379,1169,652,1099,231,661,875,75,919,557,673,350,794,856,475,460,282,826,430,1003,260,687,650,298,35,415,605,820,272,1120,464,153,755,380,674,494,872,172,0,1129,648,143,634,612,341,1009,506,399,805,856,673,193,1180,1015,1131,1107,629,325,966,1152,59,253,155,859,311,675,764,1169,930,937,51,283,837,583,414,1149,809,673,523,115,125,366,558,1028,1137,757,784,1011,99,623
170,122,476,759,639,933,77,759,1183,710,411,393,588,77,841,548,697,294,853,541,163,380,125,1064,750,1144,686,572,1029,1197,264,793,1119,130,350,1198,1033,264,705,582,1134,415,95,863,789,842,46,962,1129,0,902,597,167,530,273,950,127,1088,737,985,944,885,42,1120,170,1114,453,884,276,847,955,838,373,70,1169,237,129,964,384,1190,532,546,133,96,891,993,761,940,840,68,701,475,1109,166,397,958,501,363,1127,857
866,119,193,677,721,612,331,794,1091,811,1147,556,744,1181,721,709,581,985,55,117,438,1082,773,765,710,1100,821,1014,871,559,51,1198,496,174,729,43,1179,320,586,573,607,85,555,463,488,37,1167,581,648,902,0,591,123,1162,456,1113,1015,784,885,528,261,1008,215,567,417,1007,1162,386,1117,112,1115,650,231,963,203,282,924,712,789,575,963,158,857,1061,206,886,314,675,459,535,1089,264,267,576,418,101,1128,311,257,414
1054,333,221,80,499,389,696,86,64,464,994,740,791,168,575,129,1172,813,1110,636,742,683,1187,285,267,600,288,465,422,397,96,1101,137,233,901,987,587,197,347,1131,778,336,1198,627,80,347,911,814,143,597,591,0,1002,529,423,752,400,980,43,730,1016,113,123,71,478,879,454,327,566,176,713,826,209,842,847,823,913,421,1007,574,85,513,823,381,1116,304,536,905,426,80,177,638,114,1090,896,1123,1037,490,118,102
839,439,1058,813,651,826,457,936,210,213,615,1084,328,1072,530,38,1091,329,124,524,755,351,319,923,231,970,1177,435,436,1197,41,763,439,1026,93,769,969,664,282,681,642,210,451,483,351,1062,96,1019,634,167,123,1002,0,77,67,461,724,750,1032,577,433,329,732,316,231,417,1052,916,987,847,411,887,126,680,157,1076,135,1046,44,625,697,1017,826,203,396,317,971,599,196,333,161,1169,250,459,795,1074,567,624,338,396
776,810,720,471,919,1030,294,311,571,65,514,725,312,491,335,199,698,423,381,718,619,1058,930,326,704,318,800,1155,1153,569,1060,786,657,749,926,94,873,1128,642,200,1077,162,1096,397,174,508,1052,903,612,530,1162,529,77,0,757,628,571,1182,390,797,839,477,435,132,1079,986,290,1198,840,636,636,425,220,600,365,971,141,172,1012,628,926,440,685,71,180,627,1031,40,669,422,65,331,88,752,579,303,179,409,720,1049
455,616,816,277,77,520,1001,750,529,1098,840,481,479,785,370,570,588,286,409,1120,551,583,147,815,1107,127,761,44,67,647,557,52,459,158,672,45,626,703,219,1019,705,794,504,522,749,811,120,796,341,273,456,423,67,757,0,229,590,1187,787,478,845,279,905,95,558,741,1078,421,1066,347,558,955,993,462,412,1006,395,743,545,321,173,1192,983,41,666,407,74,397,729,198,777,925,1196,1061,934,967,188,144,1187,1167
67,1130,1150,962,700,755,679,333,107,230,703,368,147,645,979,751,86,1153,311,60,383,675,1078,635,678,588,585,1119,351,410,1137,210,919,1147,777,975,1054,353,133,69,457,566,503,848,769,804,204,1067,1009,950,1113,752,461,628,229,0,60,224,1082,627,373,832,895,886,594,448,100,333,247,1020,863,963,744,1065,202,145,479,802,685,189,1125,865,614,671,417,556,722,73,1084,1069,41,239,280,374,1046,990,920,1185,244,1124
122,100,644,1171,266,1078,967,862,409,911,863,824,951,716,1126,1142,1126,348,1138,1095,922,993,1112,395,1200,740,459,215,523,206,279,579,1046,725,350,856,464,862,671,181,70,177,822,925,146,529,488,1189,506,127,1015,400,724,571,590,60,0,1070,1030,448,441,701,990,968,876,80,52,1026,1069,1025,92,897,131,1053,452,910,294,834,697,1107,804,907,703,188,604,457,164,68,358,178,1022,1079,593,670,205,1157,589,246,887,686
450,212,838,228,1047,897,1076,952,779,163,313,897,714,742,386,1181,87,1071,1014,878,953,636,466,695,1109,315,47,1136,479,282,55,291,969,190,859,832,876,384,926,1006,175,339,309,679,776,599,913,553,399,1088,784,980,750,1182,1187,224,1070,0,280,767,649,749,1059,1111,48,92,553,44,403,280,310,205,249,706,266,1092,60,344,1027,242,169,173,1127,928,956,1156,818,135,188,369,329,784,136,657,325,338,1072,163,360,580
1113,64,635,960,738,289,337,870,641,1136,1122,676,1136,897,1196,881,403,533,715,462,846,450,1133,889,37,1040,844,541,423,100,148,1071,440,801,467,844,624,865,396,979,883,440,348,174,842,236,942,384,805,737,885,43,1032,390,787,1082,1030,280,0,892,697,179,755,621,682,681,1161,1002,432,1197,827,147,781,316,584,534,816,483,345,1101,725,111,654,470,1056,323,61,1117,801,214,329,319,1011,418,546,323,332,604,344,367
955,462,65,835,1010,360,1009,833,1179,1195,784,120,781,576,1148,759,640,397,1008,706,493,114,687,39,332,553,830,108,268,588,1040,951,400,1064,833,875,230,365,1030,964,191,1013,327,863,682,66,736,857,856,985,528,730,577,797,478,627,448,767,892,0,552,115,451,977,225,191,112,259,58,1086,1198,631,618,589,252,943,411,354,770,528,477,722,880,571,1110,218,457,943,888,1169,459,882,796,411,575,331,496,586,617,1058
299,863,706,601,507,1061,331,1056,663,112,522,1003,295,676,808,90,334,716,716,633,406,1040,774,76,753,1121,440,403,249,993,682,1096,73,81,193,1152,661,966,191,867,374,755,333,640,469,818,900,537,673,944,261,1016,433,839,845,373,441,649,697,552,0,291,939,622,97,1072,76,576,531,677,1060,1046,1021,675,845,1092,318,874,236,476,568,70,1025,355,319,324,558,57,302,1034,749,1041,417,546,1200,751,1039,394,1132,186
792,856,1015,437,237,316,662,358,512,478,134,214,325,814,384,1055,690,467,321,663,51,903,116,242,571,82,537,892,530,1034,278,472,622,540,1001,623,65,837,1105,583,1101,375,165,1100,364,99,85,286,193,885,1008,113,329,477,279,832,701,749,179,115,291,0,1010,1195,275,833,293,265,935,640,578,300,159,941,561,1192,948,92,1183,1170,909,314,512,80,983,646,1003,250,492,453,879,1117,591,475,246,175,1159,817,581,865
243,986,962,426,688,379,989,792,203,1122,1179,163,156,234,667,128,552,691,344,41,98,192,35,789,331,489,62,426,420,1043,533,248,208,64,1164,802,607,278,615,377,172,129,776,735,378,941,560,887,1180,42,215,123,732,435,905,895,990,1059,755,451,939,1010,0,303,1146,892,1106,990,387,196,596,267,168,989,118,217,631,872,978,777,994,1195,285,121,740,219,269,742,46,509,639,1068,564,541,992,661,727,105,1129,152
318,176,848,636,960,791,523,764,577,697,293,932,434,992,1103,246,107,556,980,1001,1035,997,85,759,1080,393,486,1146,216,115,219,893,329,552,68,1094,823,849,447,37,829,334,1143,1108,76,216,1109,205,1015,1120,567,71,316,132,95,886,968,1111,621,977,622,1195,303,0,1069,319,134,725,509,278,171,58,267,1103,1004,726,546,1044,863,553,67,153,581,1166,646,955,775,501,1024,426,501,1018,598,702,264,1070,843,972,448,1146
1010,176,187,93,1037,103,660,950,443,748,706,701,687,953,381,523,362,1033,407,160,660,973,192,822,1197,507,636,723,212,989,167,348,404,479,471,761,619,973,826,419,660,811,777,34,670,272,653,534,1131,170,417,478,231,1079,558,594,876,48,682,225,97,275,1146,1069,0,838,1083,237,568,132,351,1110,1013,113,1111,1067,451,969,627,230,231,52,556,499,589,1086,1100,415,823,535,995,608,825,340,195,525,727,699,958,1032
773,1004,798,846,1053,241,238,1183,1160,837,73,1088,32,1109,97,540,926,341,1139,992,883,171,740,195,856,456,1080,416,1079,1171,639,684,866,1130,650,969,610,617,158,170,1018,1070,848,240,981,622,77,931,1107,1114,1007,879,417,986,741,448,80,92,681,191,1072,833,892,319,838,0,721,1016,659,592,402,1171,230,181,136,866,465,211,106,1052,489,829,1049,926,606,167,161,507,1082,1064,854,48,136,1130,259,716,1147,230,1101,109
1022,603,252,316,408,818,383,899,344,119,701,997,1082,565,830,159,286,828,1120,1137,421,400,344,1061,1131,928,460,521,67,260,62,730,773,460,527,579,730,873,416,1042,350,293,451,481,267,477,201,1133,629,453,1162,454,1052,290,1078,100,52,553,1161,112,76,293,1106,134,1083,721,0,1074,345,340,142,50,266,644,1170,904,921,1090,226,850,107,144,538,749,307,348,876,574,696,453,140,69,737,1042,424,1110,398,1158,322,872
836,928,1075,1184,179,1109,875,438,1083,139,1079,1087,716,706,790,90,491,646,650,176,1100,833,557,274,762,1196,81,142,155,514,1131,1002,342,96,533,399,384,685,648,33,354,664,950,287,1145,98,569,88,325,884,386,327,916,1198,421,333,1026,44,1002,259,576,265,990,725,237,1016,1074,0,216,108,405,1198,697,1088,327,1173,358,724,972,158,374,578,405,178,594,113,802,779,41,1004,941,359,735,398,1144,788,86,846,267,297
310,289,763,240,1018,635,1029,668,1086,889,812,821,137,1152,1031,982,670,127,742,219,964,363,595,705,725,659,112,764,102,1011,1178,645,1163,836,63,846,799,624,167,551,336,423,133,809,431,460,1145,537,966,276,1117,566,987,840,1066,247,1069,403,432,58,531,935,387,509,568,659,345,216,0,811,534,988,291,418,726,1025,781,179,629,949,1184,194,81,536,403,786,571,127,161,831,159,985,66,1119,1085,89,161,783,506,614
714,535,425,534,805,1143,529,217,1113,648,1095,1048,32,827,314,210,340,747,974,710,765,144,43,217,1106,176,1179,89,966,827,1117,939,441,528,417,840,1084,295,804,1122,940,225,278,918,1010,350,987,453,1152,847,112,176,847,636,347,1020,1025,280,1197,1086,677,640,196,278,132,592,340,108,811,0,396,518,378,785,579,971,766,630,494,1051,745,645,306,1039,1070,581,962,1069,442,631,66,312,1084,992,678,571,439,205,959,738
52,344,128,75,205,587,509,1054,778,80,882,41,263,64,545,37,823,813,167,736,464,1013,361,1084,637,866,476,677,469,319,780,436,625,185,1057,423,392,715,219,245,649,577,670,795,327,868,765,952,59,955,1115,713,411,636,558,863,92,310,827,1198,1060,578,596,171,351,402,142,405,534,396,0,903,322,185,519,822,876,410,1200,147,228,481,849,133,744,1117,123,805,162,863,653,509,376,1163,839,1077,516,292,32,657
1000,362,826,643,259,284,693,217,220,571,78,806,573,587,990,50,365,603,1095,927,540,38,479,260,56,396,788,1027,544,276,339,155,345,251,402,1008,207,675,160,619,513,1177,401,186,793,682,1116,375,253,838,650,826,887,425,955,963,897,205,147,631,1046,300,267,58,1110,1171,50,1198,988,518,903,0,276,504,532,358,1155,566,874,35,326,445,1082,132,216,866,53,636,45,465,35,1071,882,817,1091,137,1091,422,407,598
330,1071,1176,743,1083,868,325,830,730,1115,1114,825,501,659,216,259,1059,607,330,421,222,685,1039,418,248,1031,272,807,1083,743,232,546,365,94,508,1174,1178,1041,1012,1154,661,727,195,907,1142,538,718,1145,155,373,231,209,126,220,993,744,131,249,781,618,1021,159,168,267,1013,230,266,697,291,378,322,276,0,553,832,742,588,701,118,1050,958,411,1124,1144,646,181,36,548,495,736,857,1058,666,1093,646,645,1108,602,610,911
1139,386,203,313,959,445,912,656,338,1165,1171,394,116,626,563,615,1046,325,603,606,269,1115,760,534,1052,460,878,168,514,876,289,962,459,226,1097,778,933,71,349,984,837,975,234,136,1181,721,1031,845,859,70,963,842,680,600,462,1065,1053,706,316,589,675,941,989,1103,113,181,644,1088,418,785,185,504,553,0,743,424,375,1087,99,1076,908,590,926,224,663,83,843,438,304,528,65,38,581,1189,399,865,79,564,356,629
105,550,391,685,194,630,266,370,837,945,1164,146,226,695,718,856,102,684,213,191,712,412,935,1043,1001,183,888,573,339,1092,629,795,816,130,970,107,176,1156,215,517,1001,699,404,106,92,1062,106,1175,311,1169,203,847,157,365,412,202,452,266,584,252,845,561,118,1004,1111,136,1170,327,726,579,519,532,832,743,0,381,568,110,729,357,427,354,322,657,1143,320,1056,1113,182,200,252,315,817,166,1056,874,437,342,217,824
1026,1010,578,663,996,814,393,135,56,469,620,246,45,1075,857,930,578,996,619,803,971,162,707,130,643,572,1031,620,76,963,1123,568,750,311,868,901,629,255,278,1162,567,1129,144,116,855,1067,970,872,675,237,282,823,1076,971,1006,145,910,1092,534,943,1092,1192,217,726,1067,866,904,1173,1025,971,822,358,742,424,381,0,468,801,332,247,1089,594,552,727,324,256,77,432,465,464,416,520,274,407,723,349,927,448,738,164
938,1114,889,266,32,281,620,895,440,1034,352,234,862,273,618,1111,570,158,74,218,1004,948,271,200,516,412,178,134,610,574,603,361,653,509,94,837,1061,794,981,811,442,744,343,1161,1136,494,408,310,764,129,924,913,135,141,395,479,294,60,816,411,318,948,631,546,451,465,921,358,781,766,876,1155,588,375,568,468,0,355,982,280,1056,445,521,729,722,761,736,683,402,1008,703,862,456,196,263,465,269,1110,214,245
1030,1133,891,616,227,423,935,85,105,1076,932,1005,1159,793,165,527,385,482,554,488,137,254,297,1143,300,687,123,283,878,100,162,889,1066,435,1119,248,1029,48,558,274,1173,765,374,347,196,894,987,670,1169,964,712,421,1046,172,743,802,834,344,483,354,874,92,872,1044,969,211,1090,724,179,630,410,566,701,1087,110,801,355,0,330,675,553,389,1047,384,312,1071,551,1084,95,826,203,35,932,322,1163,781,1015,240,739,1172
522,915,1128,327,402,872,705,737,77,725,969,239,799,1144,586,961,505,672,475,442,366,630,719,1002,933,1010,457,1108,378,888,388,695,938,43,1145,621,1059,310,90,131,437,1049,716,748,962,1187,633,146,930,384,789,1007,44,1012,545,685,697,1027,345,770,236,1183,978,863,627,106,226,972,629,494,1200,874,118,99,729,332,982,330,0,403,921,362,988,359,717,969,292,280,394,599,623,451,57,130,425,733,998,1151,818,424
596,473,1104,983,938,388,688,1128,599,852,47,1102,811,429,1192,303,133,398,383,388,424,837,755,1108,835,1084,157,789,263,494,1160,410,497,647,1141,475,624,460,332,99,942,1159,915,944,1149,1199,764,810,937,1190,575,574,625,628,321,189,1107,242,1101,528,476,1170,777,553,230,1052,850,158,949,1051,147,35,1050,1076,357,247,280,675,403,0,599,58,697,462,650,188,508,398,399,809,1084,801,507,272,1160,1019,112,367,394,248
771,829,399,386,488,367,1172,516,120,1136,867,306,1125,627,53,722,984,204,602,1074,422,103,353,546,523,70,173,278,170,471,417,1015,650,947,1030,1122,734,186,129,758,374,367,661,417,826,1188,986,340,51,532,963,85,697,926,173,1125,804,169,725,477,568,909,994,67,231,489,107,374,1184,745,228,326,958,908,427,1089,1056,553,921,599,0,51,1194,94,705,179,320,385,568,305,542,496,1062,280,654,341,697,899,632,614
479,111,731,942,1136,286,882,419,177,102,772,346,1199,637,722,673,1173,601,675,1166,1163,784,1023,237,537,821,922,493,485,133,944,572,86,998,1157,658,679,837,1041,133,718,708,812,1001,322,1137,1044,240,283,546,158,513,1017,440,1192,865,907,173,111,722,70,314,1195,153,52,829,144,578,194,645,481,445,411,590,354,594,445,389,362,58,51,0,881,1005,1106,751,33,47,662,924,160,717,210,1148,623,1113,676,750,129,620
109,43,307,610,1065,978,226,1134,999,472,454,316,915,1004,935,476,1123,881,532,997,680,1027,473,1016,265,268,588,188,907,872,633,501,992,1187,853,89,591,120,138,1196,144,344,1134,1050,682,1132,276,933,837,133,857,823,826,685,983,614,703,1127,654,880,1025,512,285,581,556,1049,538,405,81,306,849,1082,1124,926,322,552,521,1047,988,697,1194,881,0,721,944,124,633,626,1042,881,1110,428,716,89,582,190,1143,1194,296,505
325,304,923,52,348,708,497,872,1029,270,392,38,325,66,1074,727,377,918,426,654,865,740,247,226,301,571,410,374,641,729,408,246,655,1066,1196,539,283,1197,570,368,751,747,550,964,514,536,316,668,583,96,1061,381,203,71,41,671,188,928,470,571,355,80,121,1166,499,926,749,178,536,1039,133,132,1144,224,657,727,729,384,359,462,94,1005,721,0,1045,719,699,902,828,91,617,228,666,58,133,400,30,724,458,452
711,443,385,767,479,807,812,181,1099,364,101,965,88,391,930,180,825,315,470,1197,1078,723,102,469,187,610,106,295,1003,261,369,918,867,258,1184,534,164,838,486,145,1061,1097,569,388,636,1020,999,207,414,891,206,1116,396,180,666,417,604,956,1056,1110,319,983,740,646,589,606,307,594,403,1070,744,216,646,663,1143,324,722,312,717,650,705,1106,944,1045,0,124,978,235,138,498,540,959,186,658,952,250,521,1006,450,1084
1053,561,455,250,417,504,42,695,358,108,111,685,840,1160,101,720,678,1032,380,90,508,422,1167,581,502,274,859,983,1081,477,1119,695,509,182,547,249,482,328,1101,869,937,849,170,560,594,766,1170,139,1149,993,886,304,317,627,407,556,457,1156,323,218,324,646,219,955,1086,167,348,113,786,581,1117,866,181,83,320,256,761,1071,969,188,179,751,124,719,124,0,858,233,269,788,604,1188,261,535,68,1159,512,164,992,148
740,624,816,501,210,837,75,902,427,374,301,962,1080,521,239,442,1131,186,202,347,63,135,1058,961,213,749,984,358,292,372,753,71,412,636,364,809,1127,887,327,248,1088,1062,1197,742,748,1006,849,94,809,761,314,536,971,1031,74,722,164,818,61,457,558,1003,269,775,1100,161,876,802,571,962,123,53,36,843,1056,77,736,551,292,508,320,33,633,699,978,858,0,1108,462,529,94,1185,301,655,393,730,697,197,373,577
627,120,878,1073,703,716,847,1110,1154,1087,820,384,1009,546,517,889,354,135,328,425,564,908,228,424,530,877,261,406,429,177,302,513,322,876,904,664,1055,744,89,1031,47,266,849,765,961,81,143,88,673,940,675,905,599,40,397,73,68,135,1117,943,57,250,742,501,415,507,574,779,127,1069,805,636,548,438,1113,432,683,1084,280,398,385,47,626,902,235,233,1108,0,204,132,183,1198,1191,970,1166,149,1050,930,499,997
692,121,337,1080,74,1144,396,892,374,1126,212,277,1123,195,845,246,752,599,920,453,505,860,202,89,114,473,458,938,299,214,237,993,1043,63,345,999,40,129,449,505,477,712,224,129,405,911,337,517,523,840,459,426,196,669,729,1084,358,188,801,888,302,492,46,1024,823,1082,696,41,161,442,162,45,495,304,182,465,402,95,394,399,568,662,1042,828,138,269,462,204,0,469,314,864,1074,996,1048,571,88,990,566,987
955,533,726,928,744,480,1063,738,778,653,1099,726,1119,474,584,824,590,1145,1014,161,276,1065,102,529,1064,54,349,536,390,658,894,1034,759,554,1132,410,257,621,95,400,85,528,833,36,1143,139,899,781,115,68,535,80,333,422,198,1069,178,369,214,1169,1034,453,509,426,535,1064,453,1004,831,631,863,465,736,528,200,464,1008,826,599,809,305,924,881,91,498,788,529,132,469,0,983,325,646,35,225,337,581,137,932,140
32,1128,1168,502,841,472,307,509,735,341,797,1129,266,758,584,1172,597,301,424,1147,217,595,827,1080,672,399,1137,208,66,1160,688,307,858,889,105,503,1076,747,983,44,913,337,736,641,374,955,643,333,125,701,1089,177,161,65,777,41,1022,329,329,459,749,879,639,501,995,854,140,941,159,66,653,35,857,65,252,416,703,203,623,1084,542,160,1110,617,540,604,94,183,314,983,0,481,509,321,31,820,571,916,889,462
1017,823,605,850,1045,290,95,817,821,794,921,1112,240,779,257,1186,419,34,666,994,957,787,757,843,610,1024,801,667,1148,1031,396,306,1147,530,462,362,808,270,595,697,921,921,1077,1028,798,478,866,1050,366,475,264,638,1169,331,925,239,1079,784,319,882,1041,1117,1068,1018,608,48,69,359,985,312,509,1071,1058,38,315,520,862,35,451,801,496,717,428,228,959,1188,1185,1198,864,325,481,0,1055,540,378,508,503,42,954,913
83,436,77,117,217,99,543,359,444,285,1165,296,1027,1180,338,320,271,370,760,184,218,1040,1120,1137,214,584,406,225,1048,671,1153,202,687,422,666,543,1067,989,592,267,51,1000,849,1166,367,302,86,755,558,1109,267,114,250,88,1196,280,593,136,1011,796,417,591,564,598,825,136,737,735,66,1084,376,882,666,581,817,274,456,932,57,507,1062,210,716,666,186,261,301,1191,1074,646,509,1055,0,108,980,863,149,504,418,31
715,699,138,884,124,1042,65,1061,506,752,452,831,1126,923,756,643,74,217,1187,1188,1199,347,1111,680,776,1024,231,318,138,1069,565,184,476,974,1175,339,597,869,1142,650,87,229,1163,399,39,435,725,509,1028,166,576,1090,459,752,1061,374,670,657,418,411,546,475,541,702,340,1130,1042,398,1119,992,1163,817,1093,1189,166,407,196,322,130,272,280,1148,89,58,658,535,655,970,996,35,321,540,108,0,1170,1199,748,493,812,181
219,977,409,730,1002,691,1148,353,215,991,516,1185,345,1058,917,199,623,1051,239,730,616,1193,639,392,213,812,1112,610,538,738,1122,1177,346,821,320,1045,1021,381,109,818,211,276,921,646,339,1042,1087,289,1137,397,418,896,795,579,934,1046,205,325,546,575,1200,246,992,264,195,259,424,1144,1085,678,839,1091,646,399,1056,723,263,1163,425,1160,654,623,582,133,952,68,393,1166,1048,225,31,378,980,1170,0,263,174,1110,534,492
39,127,769,875,355,281,873,313,76,752,317,684,286,1025,502,1145,790,510,335,985,543,911,765,878,978,285,620,74,662,1077,809,118,333,813,823,67,563,418,773,1114,1194,1143,497,960,151,79,531,1175,757,958,101,1123,1074,303,967,990,1157,338,323,331,751,175,661,1070,525,716,1110,788,89,571,1077,137,645,865,874,349,465,781,733,1019,341,1113,190,400,250,1159,730,149,571,337,820,508,863,1199,263,0,1161,1187,735,811
394,246,1134,33,41,235,323,203,192,718,520,394,195,1059,512,461,634,400,657,500,859,184,717,1105,353,703,825,600,586,214,1064,67,427,1095,173,972,509,357,633,971,165,265,460,1164,97,972,425,306,784,501,1128,1037,567,179,188,920,589,1072,332,496,1039,1159,727,843,727,1147,398,86,161,439,516,1091,1108,79,437,927,269,1015,998,112,697,676,1143,30,521,512,697,1050,88,581,571,503,149,748,174,1161,0,309,559,696
