0,358,617,337,580,347,76,523,1167,1005
358,0,791,244,159,246,221,594,63,890
617,791,0,169,149,1183,740,1020,973,273
337,244,169,0,1030,1092,127,1185,403,1109
580,159,149,1030,0,280,281,1086,336,1120
347,246,1183,1092,280,0,541,633,886,1141
76,221,740,127,281,541,0,527,1113,928
523,594,1020,1185,1086,633,527,0,1163,446
1167,63,973,403,336,886,1113,1163,0,512
1005,890,273,1109,1120,1141,928,446,512,0
